              precision    recall  f1-score   support

           1     0.7500    1.0000    0.8571         3
           2     1.0000    1.0000    1.0000         3
           3     0.4286    1.0000    0.6000         3
           4     1.0000    0.2500    0.4000         4
           5     0.6000    1.0000    0.7500         3
           6     0.5000    0.6667    0.5714         3
           7     1.0000    1.0000    1.0000         4
           8     1.0000    1.0000    1.0000         4
           9     0.5000    0.3333    0.4000         3
          10     1.0000    1.0000    1.0000         3
          11     1.0000    1.0000    1.0000         4
          12     1.0000    0.6667    0.8000         3
          13     1.0000    0.5000    0.6667         4
          14     0.5000    0.3333    0.4000         3
          15     0.3333    0.3333    0.3333         3

    accuracy                         0.7400        50
   macro avg     0.7741    0.7389    0.7186        50
weighted avg     0.7967    0.7400    0.7280        50
